Affix	DerMean	UndMean	DerSD	UndSD
-fold	0.142169125746	0.114667598236	0.4458728143952117	0.37818201883034397
-ous	0.142429502997	0.111146294291	0.6789525750240775	0.7161722400855556
-or	0.130014876105	0.116485523161	0.815910580489101	0.7372662539086559
-ive	0.110418716195	0.11957123375	0.4862600590689924	0.7024298490907113
-some	0.158589702822	0.117559536695	0.2235352032516307	0.4008722462237372
super-	0.158879191197	0.0963968291901	1.496621802906432	0.9911579261005412
be-	0.169600672461	0.122110651268	0.5593220886082848	0.6042034625942423
con-	0.140498696905	0.111342233501	0.7242732468165047	0.8981999863541441
-less	0.14017515666	0.103954040886	1.1563314725439064	0.8125992145641662
anti-	0.153634621454	0.0883999497856	1.3986395625433545	0.9416303363908811
-ence	0.13902440204	0.136948834387	0.31644259046910606	0.3546420061188355
-ary	0.109367794804	0.107149031167	0.3349168474180624	0.37698181577661594
-ent	0.139361747304	0.13422291378	0.338464612973294	0.345453895917311
-ly	0.151941057006	0.119316579812	3.5326273729341255	2.9664632502332537
over-	0.157327076579	0.115189403451	2.0452381160367823	1.4697111705096477
-ward	0.113563187537	0.101887598957	0.2797961756919106	0.18893069457639816
-self	0.18423538724	0.116954009681	1.116781744447809	0.7826920584834137
-ish	0.162980105898	0.106523344311	0.7033699052058319	0.5238926242963547
-en	0.148949574895	0.109689715126	1.139283168563081	1.4422250189777197
-y	0.141277809604	0.107096143134	1.2311884196370282	0.9779031732056527
-ette	0.143091319911	0.100251637003	0.21637469057073414	0.13968121686211196
pre-	0.156551290374	0.104061178228	1.9423519690734252	1.6030590091997305
-ist	0.139239911541	0.0992706659539	1.2724103589528994	1.0855516257163695
-like	0.164081818475	0.100025302259	0.8657466884117636	0.5311010580045328
cross-	0.177099691394	0.103233437826	1.0595825671256869	0.6068190415172482
em-	0.143024167665	0.102241722538	0.32302900330443723	0.3601090621272876
-ery	0.152685596995	0.101757045115	0.5688653453996159	0.5358995578546079
out-	0.149977351623	0.112745589706	1.5422208197902463	1.1271267209069644
trans-	0.149745194739	0.0944816900126	1.0718621604193406	1.0706265071198415
-proof	0.128786623238	0.095537140966	0.1743249291795156	0.08771519910921648
de-	0.150817808021	0.117740506701	1.917225669050061	1.5801828634018735
-ize	0.144757808153	0.0977135377186	0.5578903029197254	0.7444288883793895
-al	0.117574936143	0.107198158296	0.9976029058524648	1.4281759925155342
-oid	0.132647499907	0.0969553360108	0.24788195438509955	0.16516187065173088
-ism	0.16703290599	0.100402984179	1.2892301042294094	1.5784939919045762
-dom	0.134644872485	0.0941901359082	0.24305139073012258	0.19070466309891973
counter-	0.166084985439	0.103622198022	0.9344805447064923	0.5932857235537767
-age	0.127341889741	0.10562452806	0.5922499772827728	0.6915349956611709
-ling	0.156114711559	0.108101214101	0.34719964502024286	0.2731270985306972
in-	0.13658603845	0.116895421721	1.1340793980565234	1.0325325472332623
-ster	0.142315835519	0.0990229473149	0.26208024429479104	0.1731096978706153
sub-	0.157177017924	0.0955519285707	1.7971377544800309	1.2243483596670222
-th	0.102495109881	0.109654192707	0.07495853314411939	0.08225417954631752
-an	0.127180247673	0.0914845805155	0.7155543479910381	0.7587677710030758
-ate	0.130842440043	0.100818898943	0.5019395194246954	0.521508906570997
under-	0.147950074935	0.109307688161	1.2318799853505733	0.8184311030749475
-ness	0.19274797783	0.119857656884	1.9415422851274313	1.3167726568549687
-istan	0.123030794874	0.0971938469837	0.15488906963171065	0.21141834263154535
mis-	0.148132515546	0.123225613786	0.7854484308152145	0.9486817864489298
-ity	0.166690855229	0.106053325188	1.459942499033553	0.9984135304188685
non-	0.154891591929	0.0958585134656	2.071613931379261	1.3609360657052674
-ry	0.142688251525	0.104354872978	0.9252750730207168	0.9830019672591841
-itis	0.132031611954	0.104580666944	0.16061481430330152	0.2192805984608415
-er	0.145527698548	0.110022498973	3.3233345727720534	2.760160240435944
-ance	0.126626390831	0.131986314688	0.28961937374673635	0.38809571345334043
-ship	0.147255314396	0.101384343031	1.0073963253356804	0.6207746584672811
-ee	0.150622568056	0.11317678189	0.427332309021194	0.3634691312509136
-ful	0.145849199587	0.112481007274	0.600199049735795	0.7441049230865499
-ier	0.117702748007	0.121518050964	0.04976544915263799	0.0541537160130595
inter-	0.139933451563	0.0970454715893	1.3963201940303498	1.282956709765129
-ian	0.147052820121	0.0972179591385	1.110797404563646	1.256886315366157
-eer	0.136380994703	0.100732473443	0.18740170883122667	0.16181364969267722
-ese	0.140040445169	0.0943675018157	0.4343168456107612	0.37065421180574765
im-	0.14564586179	0.116025702032	0.9126829085146662	0.9162860817371358
un-	0.144301260284	0.12355480448	2.8264226574009848	3.0074496786368616
-able	0.128792428225	0.117747924724	0.971280687481437	0.9684735796691453
-let	0.146606789259	0.103874786259	0.4818491991746007	0.42084630704304166
mid-	0.175504072922	0.114886159671	1.9151886512955776	0.9261937023819471
-ation	0.136058547685	0.120798424778	0.9664886042093676	1.0819746748467194
-ic	0.136110379522	0.124918738544	1.2157930216241937	1.360472839623568
re-	0.159832557577	0.117108791214	4.222194331564592	3.457902811441582
-ify	0.149836565854	0.104199972264	0.22325175719706436	0.34976128211710095
-ment	0.130814013104	0.130052424725	0.9393307616037934	0.8137631833263678
-ory	0.107905888368	0.115199340481	0.18213434931128475	0.24071531185471476
-ant	0.122759818082	0.126310802963	0.3770935937634428	0.4661688536413433
-hood	0.137335863862	0.103514326784	0.39565656635473345	0.20934431004794982
fore-	0.156812974638	0.115627422983	0.9340971805451215	0.7405619825487199
-most	0.144051414806	0.101046701051	0.2534976582735446	0.16986240229037464
dis-	0.143297812008	0.121117946662	1.4315888503005378	1.931121268635542
