Affix	DerMean	UndMean	DerSD	UndSD
-ful	0.145849199587	0.112481007274	0.600199049735795	0.7441049230865499
im-	0.144883055666	0.11548237806	0.9378070630680625	0.9318079543291886
un-	0.144338140448	0.123479839022	2.8310745230053316	3.0091130138636455
-ish	0.162980105898	0.106523344311	0.703369905205832	0.5238926242963546
-age	0.138319490823	0.105961948693	1.042124806101066	0.9997893608737515
be-	0.166338545278	0.125563595736	0.8393635365079033	0.8524455141886553
-proof	0.128786623238	0.095537140966	0.17432492917951561	0.08771519910921649
super-	0.158550066374	0.096857795675	1.5497259108472006	1.061046456329807
em-	0.143024167665	0.102241722538	0.3230290033044372	0.3601090621272875
-ery	0.152685596995	0.101757045115	0.568865345399616	0.5358995578546077
-let	0.146606789259	0.102561337463	0.4818491991746007	0.4217446212388917
non-	0.154891591929	0.0958585134656	2.0716139313792596	1.3609360657052665
-cross	0.177254444994	0.10325047509	1.0609196581281084	0.6175914209234586
an-	0.127692842215	0.0908829400878	0.7374004234393042	0.8343643781093745
-ette	0.143091319911	0.100251637003	0.21637469057073414	0.13968121686211193
-ier	0.117702748007	0.121518050964	0.049765449152638	0.054153716013059516
mis-	0.148132515546	0.123225613786	0.7854484308152144	0.9486817864489294
re-	0.159832557577	0.117108791214	4.222194331564596	3.457902811441586
-ward	0.113277915174	0.102105832461	0.28695784300720223	0.21424862141092826
-ent	0.139361747304	0.13422291378	0.33846461297329394	0.345453895917311
in-	0.136585383051	0.116821414379	1.1371589198711025	1.0341213380333303
-ive	0.110418716195	0.11957123375	0.48626005906899206	0.702429849090711
under-	0.147144497536	0.110076264255	1.4581677350024476	1.019836256523957
-oid	0.132647499907	0.0969553360108	0.24788195438509958	0.1651618706517309
-ian	0.147052820121	0.0972179591385	1.1107974045636457	1.2568863153661562
-ling	0.156114711559	0.108101214101	0.3471996450202428	0.2731270985306973
-ence	0.13902440204	0.136948834387	0.316442590469106	0.3546420061188355
-ist	0.139239911541	0.0992706659539	1.2724103589528997	1.085551625716369
-ship	0.149343153128	0.100995404609	1.0866875542244172	0.6893325228627915
-ism	0.16703290599	0.100402984179	1.2892301042294085	1.5784939919045768
-less	0.14017515666	0.103954040886	1.1563314725439067	0.8125992145641658
pre-	0.156588470685	0.104173512199	1.945118371340126	1.6086389899510836
-istan	0.123030794874	0.0971938469837	0.15488906963171067	0.21141834263154533
en-	0.148949574895	0.109689715126	1.139283168563081	1.44222501897772
-hood	0.137335863862	0.103514326784	0.39565656635473356	0.20934431004794987
like-	0.164081818475	0.100025302259	0.8657466884117633	0.5311010580045331
-ation	0.135757848923	0.120966790883	0.9658883272073253	1.0788701406673358
-itis	0.132031611954	0.104580666944	0.16061481430330157	0.21928059846084155
self-	0.18423538724	0.116954009681	1.1167817444478083	0.7826920584834137
-ry	0.14146836337	0.104825878223	0.9097182405607608	0.993533794833186
-or	0.131969068056	0.116044951873	0.843538551748002	0.750195971517988
anti-	0.153634621454	0.0883999497856	1.3986395625433534	0.9416303363908808
de-	0.1513677112	0.11764499049	2.009168120921687	1.6943944276217813
-ster	0.143997913225	0.0986927520148	0.26991591716831387	0.17761463576917158
-ous	0.142572792126	0.11146261402	0.682105953778242	0.7132510839689657
-ness	0.192877969779	0.119881188952	1.9436250425135446	1.3268185444488119
-al	0.122034576565	0.109198952628	1.3670839517284878	1.6161151899981285
-ee	0.1516673586	0.112929952694	0.4398269509783939	0.3656208493074788
-ful	0.145849199587	0.112481007274	0.600199049735795	0.7441049230865497
-ory	0.107905888368	0.115199340481	0.18213434931128478	0.24071531185471481
con-	0.14271970563	0.109309789859	1.1008380026664166	1.4402066331143089
dis-	0.143297812008	0.121117946662	1.4315888503005387	1.9311212686355412
inter-	0.139555376955	0.0965841100737	1.4009620421850828	1.3461355116404268
-ant	0.128682228446	0.124171897245	0.6010461370349371	0.6747625237777062
over-	0.157284479045	0.115189653158	2.0499277124491964	1.4771171807059147
-ize	0.144231859959	0.0964043293893	0.574404403471721	0.8985722690638837
trans-	0.148409367545	0.0929604854692	1.1888412177924421	1.3091873865968704
-ate	0.130842440043	0.100818898943	0.5019395194246954	0.5215089065709971
-ment	0.131115134245	0.130084326391	0.9482339570254	0.8150446943183511
out-	0.149977351623	0.112745589706	1.5422208197902447	1.1271267209069646
fore-	0.156812974638	0.115627422983	0.9340971805451217	0.7405619825487196
-some	0.158589702822	0.117559536695	0.22353520325163076	0.4008722462237372
-eer	0.136380994703	0.100732473443	0.18740170883122664	0.16181364969267722
-ity	0.166576151068	0.105956518574	1.4667491652581117	1.0040370038263284
counter-	0.166084985439	0.103622198022	0.9344805447064926	0.5932857235537765
-ly	0.151941057006	0.119316579812	3.5326273729341247	2.9664632502332555
-ance	0.136424089611	0.130015799796	0.42967425469359416	0.5125796145624952
sub-	0.157509522319	0.0949387049468	1.8684369108588685	1.3879661105429655
-able	0.12925159599	0.116478750587	1.0212396599754163	1.12247276347296
-ary	0.112391889414	0.106087006155	0.4497762397407808	0.5553771597848093
mid-	0.175504072922	0.114886159671	1.9151886512955787	0.9261937023819476
-dom	0.134644872485	0.0941901359082	0.24305139073012255	0.1907046630989197
-ese	0.140040445169	0.0943675018157	0.4343168456107612	0.37065421180574754
-er	0.145527698548	0.110022498973	3.3233345727720467	2.760160240435942
-most	0.144051414806	0.101046701051	0.25349765827354465	0.16986240229037464
-ic	0.136110379522	0.124918738544	1.2157930216241934	1.3604728396235681
-ify	0.149836565854	0.104199972264	0.22325175719706428	0.3497612821171009
-th	0.102495109881	0.109654192707	0.07495853314411942	0.08225417954631752
-y	0.147578908948	0.105192360671	1.8240443004930755	1.6415712260734094
-fold	0.142169125746	0.114667598236	0.44587281439521165	0.378182018830344
