Affix	V1	P	V	Corr	Prob	Intercept	typePR	tokenPr	AvgDefs
cross-	0	0.0	160	0.1584680158657059	0.045346304491016	True	1.0	1.0	0.71875
-ette	0	0.0	18	0.19917440660474717	0.4265571751916583	True	0.8888888888888888	0.8527555302451354	0.7777777777777778
-ier	0	0.0	5	0.6999999999999998	0.23333333333333334	True	1.0	1.0	1.4
-ment	0	0.0	278	0.5601295952272168	2.3144006266126763e-24	True	0.48201438848920863	0.4318940279655764	1.8992805755395683
out-	0	0.0	284	0.25390919999639466	1.4825014838507574e-05	True	0.9683098591549296	0.9566347087598658	1.193661971830986
-ful	0	0.0	149	0.32688191547251955	5.193819111298608e-05	True	0.9463087248322147	0.9413421181662229	1.5906040268456376
-ent	0	0.0	32	0.20711143695014664	0.2542807729142743	True	0.625	0.5812079061561833	2.3125
-ness	0	0.0	740	0.5769025329646481	7.112143972108579e-67	True	0.9783783783783784	0.9763964257028119	1.6472972972972972
-ity	0	0.0	327	0.498421983777232	6.161546413438025e-22	True	0.9113149847094801	0.8958725293786737	1.3761467889908257
-ee	0	0.0	46	0.22022818378045017	0.14110259881535125	True	0.9130434782608695	0.8903686124906501	0.8695652173913043
de-	0	0.0	451	0.17578384330481764	0.0001754472960272822	True	0.8647450110864745	0.8327415303239047	1.5454545454545454
im-	0	0.0	159	0.4545020300931455	2.6457281248406924e-09	True	0.8805031446540881	0.8708335260995598	2.4339622641509435
-th	0	0.0	9	0.6666666666666666	0.05888999118165785	True	0.3333333333333333	0.3443130733377625	5.555555555555555
-ery	0	0.0	62	0.19798539417005515	0.12294585047927506	True	0.8225806451612904	0.8020926039936895	1.032258064516129
-ance	0	0.0	49	0.426734693877551	0.002427161866442074	True	0.6938775510204082	0.6682640769782546	3.0
-eer	0	0.0	21	-0.045454545454545456	0.8456208132766615	True	0.9523809523809523	0.9603785364786591	1.0476190476190477
-istan	0	0.0	27	0.1260716131711391	0.5309231152637286	True	1.0	1.0	0.2962962962962963
counter-	0	0.0	165	0.2146286218444625	0.005634399055806532	True	0.9939393939393939	0.9912604671294506	0.8666666666666667
em-	0	0.0	36	0.21532917220726358	0.20722367190215782	True	0.6388888888888888	0.5798198995774629	2.0
-most	0	0.0	40	0.010981154312958477	0.9463822180149908	True	1.0	1.0	0.775
-y	0	0.0	309	0.26685591998241276	1.9507964303567457e-06	True	0.8576051779935275	0.8338308373166903	1.4983818770226538
-ence	0	0.0	31	0.03145478390821478	0.8666012246119431	True	0.5483870967741935	0.4739062485781284	2.193548387096774
-ish	0	0.0	88	0.40787573526821874	9.198270941230454e-05	True	0.9318181818181818	0.9278910743005935	1.0681818181818181
un-	0	0.0	1587	0.3845616343176134	4.3061519047795355e-57	True	0.9350976685570258	0.9268081506583156	1.2293635790800252
under-	0	0.0	254	0.2499126694068286	5.639760601826992e-05	True	0.9763779527559056	0.9673332691761555	1.2480314960629921
-ist	0	0.0	353	0.5539727128280159	8.790192968013135e-30	True	0.9660056657223796	0.9635259615815862	0.8725212464589235
-ify	0	0.0	30	0.4696329254727475	0.009498262612959212	True	0.9	0.8998837805707114	2.6
sub-	0	0.0	477	0.05752317225482965	0.2098175091137088	True	0.9643605870020965	0.9380576369533716	0.6079664570230608
-hood	0	0.0	41	0.24940110655653322	0.11582900877212583	True	0.9512195121951219	0.9324143446905127	1.146341463414634
-oid	0	0.0	24	0.1599132335460324	0.455417464930855	True	0.75	0.6771429285250301	0.875
-ling	0	0.0	36	-0.07031553292892187	0.6836342476713506	True	0.9722222222222222	0.9563335510326622	1.3611111111111112
-ese	0	0.0	49	0.46985662666545763	0.0006586830393715193	True	0.8775510204081632	0.7454357890366495	1.0816326530612246
pre-	0	0.0	548	-0.015100462698904476	0.7243090803124235	True	0.9397810218978102	0.8761092879622946	0.6806569343065694
-ship	0	0.0	155	0.08554551357806131	0.28989432022923806	True	0.9548387096774194	0.9450274544786555	0.8387096774193549
-like	0	0.0	261	0.14946956715541868	0.015659512881922064	True	1.0	1.0	0.26053639846743293
be-	0	0.0	67	0.17537488402664697	0.1557478773541939	True	0.8955223880597015	0.8803294149146326	1.6865671641791045
fore-	0	0.0	119	0.24113944897303946	0.008245217490858436	True	0.957983193277311	0.9532730947222658	1.680672268907563
inter-	0	0.0	366	-0.007747550175467791	0.8825680339994104	True	0.9644808743169399	0.948409144086119	0.8060109289617486
-ic	0	0.0	297	0.5416728600764562	4.805310208486015e-24	True	0.5791245791245792	0.5409038515692808	1.1952861952861953
-an	0	0.0	132	0.3514481871468575	3.595690505525525e-05	True	0.7803030303030303	0.6153875849136756	1.3106060606060606
dis-	0	0.0	440	0.41034467214096243	0.0	True	0.9113636363636364	0.9038531103067363	2.4272727272727272
-ary	0	0.0	56	0.551948051948052	1.4592123059209326e-05	True	0.9464285714285714	0.9369264948496945	1.6071428571428572
-dom	0	0.0	24	0.3052173913043478	0.1468437996142336	True	0.9166666666666666	0.886301890856785	1.3333333333333333
-ize	0	0.0	145	0.39804124563859655	7.122069063288535e-07	True	0.9448275862068966	0.9416478824261441	1.9655172413793103
-ster	0	0.0	21	0.1	0.665478081678607	True	0.9523809523809523	0.9475191994000219	1.1904761904761905
over-	0	0.0	540	0.22759209879253478	8.950658222350878e-08	True	0.9814814814814815	0.9745472059491579	1.2925925925925925
re-	0	0.0	1889	0.07940122151073024	0.0005520180918439399	True	0.9385918475383801	0.9038322501181083	1.2488088935944945
-or	0	0.0	128	0.44861250399935687	1.0920190014364077e-07	True	0.796875	0.7799306145806267	1.2265625
-proof	0	0.0	21	0.3805031103888332	0.08882915682110137	True	1.0	1.0	1.0476190476190477
-able	0	0.0	324	0.20363982895035862	0.00022417504240536922	True	0.9660493827160493	0.957558128670975	1.0277777777777777
-ate	0	0.0	61	0.3203067160232681	0.012160071090007071	True	0.8524590163934426	0.8339763855771174	1.7540983606557377
mis-	0	0.0	260	0.3583780298942851	2.6876369690018076e-09	True	0.9846153846153847	0.9808543133202438	1.3346153846153845
-ant	0	0.0	56	0.3648667122351333	0.005961747931014678	True	0.8035714285714286	0.787040587907356	1.8928571428571428
-er	0	0.0	1087	0.5148987556707701	1.240170578174386e-74	True	0.9383624655013799	0.9312772239166776	1.891444342226311
-some	0	0.0	22	0.04347826086956521	0.848245459692815	True	0.8181818181818182	0.8085883167781667	1.5
-less	0	0.0	311	0.38561178244924504	1.823254644072763e-12	True	0.9871382636655949	0.9839529710926276	1.112540192926045
-ward	0	0.0	40	0.5930756265549846	5.509929937894888e-05	True	0.975	0.9624840820536197	2.075
en-	0	0.0	191	0.17151276438569868	0.01767291292485835	True	0.7329842931937173	0.7039558699241167	2.1780104712041886
con-	0	0.0	83	-0.07655010285042609	0.49080365816026383	True	0.6746987951807228	0.6345152296939883	2.819277108433735
trans-	0	0.0	197	0.4509693266152725	2.926299104720579e-11	True	0.9441624365482234	0.8977108542236337	1.0710659898477157
super-	0	0.0	312	0.09373871598394284	0.09838156428217502	True	0.9871794871794872	0.9764251493594361	0.3557692307692308
-ive	0	0.0	115	0.34869742246280466	0.0001339386951718589	True	0.7217391304347827	0.7122832854650063	1.7391304347826086
-let	0	0.0	54	0.42980215883688677	0.0011806544336279152	True	1.0	1.0	1.2222222222222223
mid-	0	0.0	345	0.5256115961180023	6.725252587892006e-26	True	0.9971014492753624	0.9797307247793001	0.22608695652173913
-age	0	0.0	82	0.24454590473857557	0.026815280172948444	True	0.8414634146341463	0.8147285901824372	2.0365853658536586
anti-	0	0.0	457	0.024229974857086584	0.6054109916841799	True	0.9409190371991247	0.8316487230326218	0.25820568927789933
-ly	0	0.0	2265	0.5960745204497947	5.412791956613307e-218	True	0.9408388520971303	0.930351321262849	1.036203090507726
-ous	0	0.0	104	0.4621117150950342	7.88684390054493e-07	True	0.7884615384615384	0.7726053556201264	1.5
-fold	0	0.0	53	0.5829477095623126	4.644493117801746e-06	True	0.9811320754716981	0.9429172227166983	0.8113207547169812
-ation	0	0.0	231	0.4515034888456929	5.289418012342695e-13	True	0.5800865800865801	0.5614448428947867	2.272727272727273
-ian	0	0.0	163	0.6094248606113973	5.994387992580341e-18	True	0.8895705521472392	0.7935396876807288	0.9877300613496932
non-	0	0.0	972	0.13346835642839977	2.9868446203872685e-05	True	0.9938271604938271	0.9802148773155471	0.2109053497942387
self-	0	0	282	None	None	None	None	None	0.49645390070921985
-ism	0	0.0	468	0.5454156569935389	1.2599430397777351e-37	True	0.9081196581196581	0.8879989028368745	0.9252136752136753
-ry	0	0.0	111	0.31840996840996844	0.0006997103578149117	True	0.8018018018018018	0.7744701862792969	1.1981981981981982
-ory	0	0.0	25	0.12615384615384614	0.546376714389944	True	0.8	0.7803155478176381	2.04
in-	0	0.0	346	0.36456116935560745	2.5776292463528175e-12	True	0.8179190751445087	0.803276911141198	1.8179190751445087
-itis	0	0.0	17	0.17167385201006036	0.5100029951514174	True	0.7058823529411765	0.6594354033154005	0.6470588235294118
-al	0	0.0	374	0.3840289671314057	1.3701166503406676e-14	True	0.767379679144385	0.7371562293009252	1.572192513368984